0.027634 114
11.424075 36
0.516462 63
0.008823 82
0.000845 114
50.879444 1
0.626223 1
6.957444 34
0.669322 61
0.013018 114
2.916756 1
0.094228 1
0.208483 11
0.013644 82
0.000433 114
9.988707 23
0.510803 39
0.000043 8
0.000010 130
4.650331 33
0.562409 59
0.013623 138
1.646841 1
0.106687 1
0.203570 11
0.002740 42
0.000696 138
41.584745 23
0.489286 39
0.346638 138
110.625318 40
0.615509 73
0.038193 27
109.753133 2
0.060124 29
0.075243 64
0.008993 64
0.048529 66
0.185300 70
0.010053 33
0.000851 37
0.193681 193
0.000704 36
0.142579 47
0.002127 154
0.052615 65
0.036509 134
2.267337 1
0.392221 2
0.009321 22
0.451012 169
0.315167 80
0.200581 176
0.178241 254
0.297898 76
0.000468 181
0.016902 236
0.043590 249
0.034886 255
0.014741 261
0.111319 257
0.014482 113
0.288131 16
0.025397 83
0.013824 285
0.010433 26
0.013408 26
0.011770 26
0.011912 26
0.009746 26
0.010566 26
0.010804 26
0.011110 26
0.012277 100
0.000876 65
0.000945 298
0.002405 43
0.018422 149
0.014187 60
0.002055 64
0.000104 149
0.001829 42
0.010190 149
0.011688 57
0.001961 71
0.000105 149
0.002492 49
0.021703 149
0.011608 60
0.002169 214
0.002145 43
0.007572 149
0.011094 57
0.002296 211
0.001752 40
0.011119 149
0.013749 57
0.002021 211
0.001600 40
0.012331 149
0.010549 60
0.002036 214
0.002417 43
0.006200 149
0.014096 58
0.002173 220
0.002512 49
0.016984 149
0.011786 57
0.002043 70
0.000016 149
0.002383 48
0.009340 149
0.015935 41
0.002194 149
0.078187 149
0.003738 44
0.003453 149
0.080343 149
0.003542 41
0.002457 149
0.080723 149
0.003618 43
0.002525 149
0.085760 149
0.003784 44
0.002745 149
0.102135 149
0.004787 44
0.002493 149
0.075237 149
0.004072 50
0.002255 149
0.126653 149
0.003851 50
0.002666 149
0.132260 149
0.004299 49
0.004013 149
0.002152 149
0.002364 53
0.454040 20
0.167398 138
11.889981 31
0.673768 53
0.309306 251
0.025746 138
133.579021 31
0.504588 53
0.207336 97
0.033249 138
94.610232 22
0.795342 11
0.292566 61
0.045571 39
0.029405 138
58.580050 22
0.502700 11
0.271814 39
0.033105 138
25.193222 29
0.763534 51
0.245631 45
2.450017 47
1.934307 368
0.529824 47
0.000042 11
0.000137 38
0.097850 47
0.100286 92
0.096363 93
0.096471 45
0.000345 45
0.000279 45
0.097777 44
0.000141 5
0.097233 94
0.098874 47
0.003369 40
0.093539 46
0.001891 43
0.097287 46
0.097971 47
0.098648 47
0.097959 43
0.000010 4
0.097957 43
0.000082 4
0.097482 47
0.098411 94
0.098817 94
0.096742 94
0.097981 47
0.000038 47
0.098620 94
0.098919 43
0.000104 13
0.000099 38
0.097737 47
0.000211 47
0.097286 47
0.000158 47
0.098311 56
0.000122 38
0.097485 47
0.000029 47
0.098002 47
0.000132 47
0.099421 45
0.000246 45
0.003279 38
0.094611 38
0.000442 41
0.000567 41
0.096108 41
0.000292 41
0.000373 41
0.000376 41
0.000281 38
0.097453 38
0.096941 41
0.004538 87
0.000009 60
0.005514 29
0.524527 49
0.000066 4
0.038443 138
4.225866 17
0.599901 27
0.000126 148
11.285207 31
0.663543 55
0.000198 68
0.000280 148
116.780911 59
0.575379 111
0.124193 148
5.361229 30
0.496430 53
0.045446 85
0.002003 578
0.000455 12
14.620849 13
0.574040 2
1.414035 1
0.254447 1
0.530274 3
0.204092 3
0.369791 1
0.017142 1
0.117729 1
0.224356 2
0.329809 2
0.210692 1
0.225984 3
0.474853 146
0.001149 50
0.000535 12
2.639550 2
0.012748 150
0.962597 22
0.621549 37
0.034478 148
7.831204 26
0.541458 43
0.195771 88
0.045784 148
37.184736 25
0.545470 43
0.146524 38
0.002985 148
88.896118 38
0.671664 69
0.166076 57
0.001313 148
79.564038 22
0.488356 37
0.209687 688
0.000034 10
0.018134 148
13.581255 34
0.483891 61
2.210284 37
1.656634 47
0.620753 112
0.097879 110
0.096504 220
0.097686 220
0.098858 220
0.096522 220
0.097372 220
0.097567 133
0.000060 87
0.098172 220
0.098843 4
0.000226 216
0.096126 220
0.097889 110
0.097825 156
0.097045 110
0.098268 110
0.096964 110
0.097933 110
0.096933 110
0.097581 110
0.097563 110
0.097712 110
0.097985 110
0.098216 110
0.098059 110
0.096978 23
0.000039 87
0.097188 110
0.097827 110
0.098876 110
0.096429 110
0.098188 23
0.000029 87
0.098255 110
0.096642 110
0.097524 110
0.097061 110
0.099184 110
0.096372 46
0.000415 42
0.098186 42
0.098652 42
0.096657 42
0.098724 42
0.097312 42
0.096748 42
0.026990 173
0.002258 33
0.001791 148
8.839700 18
0.500781 29
0.168076 281
0.001413 148
66.753962 1
0.110358 1
0.389486 11
0.014467 15
0.000462 148
18.326821 26
0.576050 45
0.000552 114
1.581776 1
0.100011 1
0.190908 11
0.012262 84
0.000540 114
5.380157 18
0.519228 29
0.013299 114
6.718822 58
1.453449 175
0.147945 57
0.001276 114
45.103180 62
0.647871 179
0.214580 66
0.194575 114
12.800652 58
0.285929 175
0.172690 60
0.002034 114
223.386231 30
0.617066 53
0.000606 122
16.773069 43
0.544940 79
0.036795 8
0.000169 67
0.000329 58
0.000053 40
0.000929 623
0.000727 282
0.000010 25
0.000065 726
0.000129 300
53.052250 6
0.000310 65
0.001868 8
0.000172 114
37.493298 74
0.357949 203
0.015590 122
6.069675 38
0.804301 69
0.000417 138
8.409768 29
0.580807 51
0.487667 28
0.036518 138
71.480156 33
0.482961 59
0.005037 138
5.765647 74
0.313485 227
0.003476 138
6.586831 38
0.436520 69
0.000064 138
5.229274 29
0.507768 51
0.374891 28
0.032121 138
59.870265 74
0.625013 227
0.003988 138
65.049398 13
0.514056 19
0.000103 6
0.001938 148
7.484057 19
0.566742 22
0.000249 17
0.000053 92
5.260914 18
0.578223 29
