0.024121 114
20.268832 1
0.281044 1
0.464304 1
0.127784 1
0.121365 1
0.304211 11
0.002701 51
0.000354 114
2.572475 1
0.899385 4
0.194517 1
0.127804 1
4.957519 1
0.398426 1
0.562002 1
0.186064 1
0.251545 1
0.548890 4
0.562557 11
0.003400 252
0.000566 114
15.369928 1
0.165464 1
0.359903 11
0.002905 35
0.000519 114
18.456309 38
0.564191 69
0.000235 75
0.000210 114
153.331846 32
0.540727 57
0.004003 114
2.563289 1
1.030789 1
0.078693 1
0.474723 11
0.002544 35
0.000464 114
2.419593 1
0.185170 1
0.332981 1
0.375323 1
0.325135 4
0.177067 4
0.104227 1
0.360490 11
0.002245 35
0.000410 114
0.007407 1
0.683268 1
0.118684 1
0.380641 4
0.190777 4
0.457157 4
0.223745 1
0.426868 1
0.376494 1
0.308372 1
0.350445 1
0.115922 1
0.265389 11
0.002823 252
0.000878 114
277.343934 1
0.214057 1
0.820512 1
1.083982 11
0.289639 370
0.008855 114
3.083824 3
0.354789 1
0.275976 3
0.214039 11
0.000147 88
3.748554 1
0.140287 1
0.112920 11
0.002940 72
0.000395 88
35.779797 1
0.101522 1
0.557589 1
0.548119 1
0.352206 1
0.389467 1
0.803011 1
0.189050 1
0.823640 4
0.204696 4
0.965577 1
0.090920 1
0.549559 4
0.165209 1
0.206416 11
0.006379 64
0.001300 88
5.516504 8
0.507605 1
0.647194 1
0.272489 1
0.181325 1
0.682314 1
0.935529 1
0.317140 1
0.372212 11
0.012928 127
0.000551 88
4.392299 15
1.599210 1
0.504400 1
0.027033 1
0.030071 1
0.030681 1
0.030872 1
0.029943 1
0.120223 1
0.269694 3
0.427153 19
0.197162 19
0.161025 19
0.165568 19
0.174060 19
0.412655 17
0.227562 2
0.000016 9
0.003369 55
0.000306 88
14.841090 1
0.092321 1
0.582576 1
0.636009 1
0.398626 1
0.202994 4
3.891647 1
0.259178 1
0.152036 1
0.565255 1
0.601378 1
0.134578 1
0.448270 11
0.004073 88
1.277719 15
0.818843 4
0.201126 4
0.505718 4
0.026419 4
0.031423 4
0.026545 4
0.032613 4
0.035201 4
0.023764 4
0.029864 4
0.030190 4
0.141955 4
0.170318 4
0.176463 4
0.709996 1
0.205790 11
0.002598 72
0.000303 88
3.606988 2
0.457303 13
1.420826 4
0.503120 4
0.034070 4
0.026726 4
0.031374 4
0.028999 4
0.029689 4
0.198022 4
0.888749 1
0.264498 11
0.002422 64
0.000620 88
23.197192 1
0.583072 1
0.671562 1
0.839426 1
0.526473 5
1.014702 1
0.316385 1
0.413489 4
0.925254 1
0.233217 11
0.000042 8
0.000047 106
1.784491 15
0.730817 4
0.501295 4
0.029578 4
0.029590 4
0.030004 4
0.030547 4
0.030296 4
0.031416 4
0.028397 4
0.033699 4
0.026415 4
0.033480 4
0.027626 4
0.029114 4
0.031633 4
0.029989 1
0.056039 1
0.002813 1
0.029867 1
0.030365 1
0.033884 1
0.027398 1
0.042453 1
0.313278 1
0.124216 1
0.172459 11
0.002964 114
11.051080 55
0.562977 163
0.000103 9
0.012612 90
0.028346 114
11.423895 36
0.516575 63
0.008801 82
0.000840 114
50.879433 1
0.626280 1
6.957378 34
0.669627 61
0.012834 114
2.916697 1
0.094118 1
0.208669 11
0.013690 82
0.000253 114
9.988638 23
0.510872 39
0.000017 8
0.000034 130
4.651400 33
0.561353 59
0.013781 138
1.646768 1
0.106636 1
0.203535 11
0.003063 42
0.000357 138
41.584785 23
0.489400 39
0.346566 138
110.625115 40
0.615655 73
0.038220 27
109.753383 2
0.059854 29
0.075202 64
0.009011 64
0.048534 66
0.185298 70
0.010056 33
0.000842 37
0.193736 193
0.001466 36
0.141780 47
0.002112 154
0.053201 65
0.035897 134
2.267388 1
0.392391 2
0.009322 22
0.450879 169
0.315175 80
0.200568 176
0.178278 254
0.298042 76
0.000260 181
0.016887 236
0.043532 249
0.034967 255
0.014706 261
0.111339 257
0.014486 113
0.288144 16
0.025353 83
0.013817 285
0.010453 26
0.013402 26
0.011744 26
0.011902 26
0.009750 26
0.010600 26
0.010871 26
0.011028 26
0.012279 100
0.000920 65
0.000969 298
0.002315 43
0.018277 149
0.014348 60
0.002080 64
0.000062 149
0.001829 42
0.010200 149
0.011675 57
0.001956 71
0.000114 149
0.002498 49
0.021698 149
0.011630 60
0.002170 214
0.002124 43
0.007562 149
0.011097 57
0.002312 211
0.001760 40
0.011078 149
0.013784 57
0.002001 211
0.001596 40
0.012343 149
0.010558 60
0.002036 214
0.002579 43
0.006020 149
0.014105 58
0.002166 220
0.002522 49
0.017851 149
0.011339 57
0.001784 219
0.002461 48
0.009112 149
0.015950 41
0.002183 149
0.078203 149
0.003801 44
0.003159 149
0.080732 149
0.003374 41
0.002499 149
0.080748 149
0.003593 43
0.002511 149
0.085872 149
0.003679 44
0.002696 149
0.102167 149
0.004827 44
0.002433 149
0.075260 149
0.004042 50
0.002258 149
0.126700 149
0.003872 50
0.002612 149
0.132284 149
0.004284 49
0.004023 149
0.002157 149
0.002328 53
0.454057 20
0.167388 138
11.889923 31
0.673836 53
0.309328 251
0.025731 138
133.579058 31
0.504556 53
0.207398 97
0.033218 138
94.610221 22
0.795357 11
0.292495 61
0.045597 39
0.029380 138
58.580085 22
0.502713 11
0.271821 39
0.033069 138
25.193235 29
0.763725 51
0.245409 45
2.450054 47
1.936794 368
0.527359 58
0.000161 38
0.097847 47
0.102516 92
0.094197 93
0.096495 45
0.000413 45
0.000134 45
0.098048 49
0.097169 94
0.098767 47
0.003479 40
0.093458 46
0.001848 43
0.097337 46
0.097978 47
0.098697 47
0.097925 47
0.097987 47
0.097517 47
0.098420 94
0.098844 94
0.096696 94
0.097985 94
0.098659 94
0.098987 56
0.000104 38
0.097980 47
0.000181 47
0.097247 47
0.000232 47
0.098165 56
0.000115 38
0.097384 47
0.000051 47
0.098118 47
0.000495 47
0.098936 45
0.000292 45
0.003239 38
0.094602 38
0.000649 41
0.000357 41
0.096107 41
0.000289 41
0.000361 41
0.000380 41
0.000281 38
0.097478 38
0.096929 41
0.004555 147
0.005536 29
0.524573 49
0.000085 4
0.038341 138
4.225907 17
0.599931 27
0.000297 148
11.285117 31
0.663442 55
0.000232 68
0.000467 148
116.780597 59
0.575573 111
0.124103 148
5.361184 30
0.496568 53
0.045342 85
0.001967 578
0.000460 12
14.620852 13
0.574202 2
1.413897 1
0.254433 1
0.530341 3
0.204007 3
0.369801 1
0.017169 1
0.117724 1
0.224373 2
0.329887 2
0.210585 1
0.225915 3
0.475581 146
0.000534 50
0.000555 12
2.639594 2
0.012649 150
0.962587 22
0.621561 37
0.034600 148
7.831020 26
0.541506 43
0.196242 88
0.045414 148
37.184692 25
0.545447 43
0.146514 38
0.003017 148
88.896115 38
0.671756 69
0.166023 57
0.001185 148
79.564061 22
0.488434 37
0.209680 698
0.018171 148
13.581194 34
0.484016 61
2.210238 37
1.656626 47
0.620714 112
0.097988 110
0.096347 220
0.097697 220
0.098894 220
0.096494 220
0.097411 220
0.097582 220
0.098191 220
0.098889 4
0.000216 216
0.095463 220
0.098525 110
0.097813 156
0.097152 110
0.098166 110
0.097031 110
0.097869 110
0.096914 110
0.097554 110
0.097556 110
0.097762 110
0.098014 110
0.098155 110
0.098118 110
0.096945 110
0.097230 110
0.097814 110
0.098859 110
0.096429 110
0.098201 23
0.000018 87
0.098252 110
0.096674 110
0.097508 110
0.097023 110
0.099250 110
0.096380 46
0.000372 42
0.098194 42
0.098625 42
0.096729 42
0.098687 42
0.097273 42
0.096779 42
0.027018 173
0.002245 33
0.001763 148
8.839667 18
0.500839 29
0.167987 281
0.001453 148
66.754019 1
0.110364 1
0.389505 11
0.014556 15
0.000451 148
18.326683 26
0.576086 45
0.000705 114
1.581671 1
0.099969 1
0.191098 11
0.012172 84
0.000423 114
5.380101 18
0.519304 29
0.013396 114
6.718688 58
1.453471 175
0.147990 57
0.001186 114
45.103225 62
0.647858 179
0.214625 66
0.194517 114
12.800668 58
0.286056 175
0.172563 60
0.002003 114
223.386249 30
0.617209 53
0.000493 122
16.773056 43
0.544951 79
0.037058 8
0.000028 67
0.000236 98
0.001083 623
0.000570 307
0.000155 1026
53.052413 6
0.000207 65
0.002002 122
37.493400 74
0.357895 203
0.015710 122
6.069540 38
0.804458 69
0.000457 138
8.409600 29
0.580909 51
0.487519 28
0.036567 138
71.480160 33
0.483131 59
0.004986 138
5.765486 74
0.313846 227
0.003338 138
6.586659 38
0.436597 207
5.229208 29
0.507814 51
0.374843 28
0.032108 138
59.870283 74
0.625184 227
0.003968 138
65.049252 13
0.514090 19
0.000337 6
0.001715 148
7.484036 19
0.566881 22
0.000054 17
0.000089 92
5.260936 18
0.578217 29
