0.006140 108
0.017121 114
16.122476 52
0.744778 169
0.018634 395
1.004578 34
1.004633 28
0.000038 6
1.005504 37
1.004831 41
1.004398 34
1.005040 34
1.005779 34
1.004083 33
1.004547 35
1.004649 33
1.004657 33
1.005437 34
1.004515 35
1.004438 32
1.004186 34
1.004726 34
1.004762 33
1.004474 34
1.005921 34
1.004684 33
1.004870 34
1.004581 34
1.004711 34
1.004351 35
1.004389 33
1.004479 33
1.004456 34
1.005428 34
1.004303 34
1.002214 33
1.004630 34
1.004339 34
1.004733 34
1.004659 34
1.004966 28
0.000036 6
1.004500 33
1.004610 34
1.004411 35
1.004087 32
1.004568 34
1.004312 34
1.004631 33
1.004283 35
1.004600 33
1.004182 33
1.004704 34
1.004717 34
1.002591 33
1.005915 34
1.004149 34
1.005077 33
1.005469 28
0.000034 6
1.004254 36
1.004530 33
1.004892 34
1.004434 34
1.004529 33
1.004817 34
1.004592 34
1.012408 16
0.000055 17
1.004368 34
1.005519 34
1.003528 36
1.004771 42
1.004518 34
1.005319 34
1.005037 33
1.004862 35
1.005768 33
1.004577 16
0.000036 17
1.004826 34
1.004442 34
1.004932 28
0.000039 6
1.004635 34
1.002503 34
1.002970 33
1.003422 34
1.003542 34
1.003454 33
1.004736 34
1.004346 34
1.002532 35
1.002295 33
1.003186 34
1.002376 34
1.002368 33
1.003826 34
1.003099 34
1.002336 33
1.002755 34
1.002288 34
1.002496 33
1.002446 35
1.002736 33
1.002652 33
1.002922 34
1.003587 35
1.002357 32
1.002949 34
1.002979 34
1.002291 33
1.002813 34
1.002450 35
1.002953 32
1.004867 28
0.000108 6
1.002589 34
1.002794 33
1.005204 34
1.004934 34
1.000394 33
1.004163 34
1.002549 76
1.006176 35
1.003015 33
1.002740 34
1.002319 33
1.003217 34
1.003631 34
1.002978 33
1.002665 34
1.002556 34
1.002306 33
1.002844 37
1.002570 8
0.000830 34
1.001565 35
1.008824 32
1.003722 34
1.003262 34
1.002390 33
1.006572 34
1.002812 34
1.004282 33
1.004481 35
1.003801 33
1.002423 33
1.004604 34
1.002053 34
1.003222 33
1.005135 34
1.002960 35
1.006199 32
1.002814 34
1.002579 35
1.002281 32
1.003787 34
1.002474 34
1.002437 33
1.002695 34
1.002378 34
1.002616 33
1.002871 34
1.005478 34
1.003212 34
1.005235 34
1.002798 35
1.005888 32
1.003128 34
1.004594 34
1.002788 33
1.004897 34
1.003016 34
1.006676 34
1.002721 34
1.004120 34
1.003733 34
1.003687 33
1.002997 34
1.005106 34
1.003880 33
1.002460 35
1.004618 33
1.006304 33
1.002747 35
1.004610 33
1.004771 33
1.005615 34
1.003414 34
1.004838 33
1.004427 34
1.002653 34
1.004900 33
1.003748 34
1.004817 37
1.003544 41
1.004798 35
1.006217 33
1.003963 34
1.004946 33
1.005256 34
1.004932 34
1.003418 33
1.005545 34
1.004887 35
1.003258 32
1.005145 34
1.004626 34
1.005423 33
1.004233 34
1.012943 35
0.996223 32
1.004567 34
1.004560 16
0.000016 18
1.006611 34
1.004226 34
1.004941 34
1.004756 33
1.004815 34
1.004323 34
1.005057 33
1.004379 34
1.004274 34
1.004707 33
1.004682 35
1.004280 34
1.004894 33
1.002415 34
1.002893 34
1.004672 34
1.003724 33
1.005336 34
1.005598 34
1.003809 33
1.003287 35
1.004974 33
1.005108 33
1.004398 34
1.004355 34
1.005034 33
1.004292 35
1.004830 33
1.004554 33
1.004814 34
1.006418 35
1.004472 32
1.004775 34
1.004335 34
1.004942 33
1.006082 34
1.004331 34
1.004773 33
1.006044 34
1.005494 37
1.004304 41
1.004962 35
1.004674 33
1.004506 34
1.004525 33
1.004501 34
1.004246 34
1.004775 33
1.004832 34
1.005400 35
1.005193 32
1.004339 34
1.004812 34
1.005685 33
1.006479 34
1.004272 36
1.004415 33
1.005937 34
1.004203 34
1.005056 34
1.006807 34
1.005677 34
1.005839 33
1.005308 34
1.004926 34
1.004772 33
1.004364 34
1.005244 34
1.005614 33
1.004446 35
1.004474 34
1.004496 34
1.004651 33
1.005616 34
1.005782 34
1.005290 33
1.003761 28
0.000036 6
1.004351 34
1.004287 33
1.005228 35
1.004032 33
1.005925 33
1.005231 34
1.005559 34
1.004443 33
1.004920 35
1.004552 33
1.004657 33
1.005094 34
1.005632 35
1.006181 32
1.005556 34
1.006167 34
1.004392 33
1.004248 34
1.004894 34
1.004450 33
1.005189 34
1.005585 34
1.005927 36
1.005878 43
1.004479 34
1.004942 34
1.004845 33
1.004959 34
1.006104 34
1.005421 33
1.005069 34
1.004648 34
1.004679 34
1.004332 34
1.004815 34
1.006523 33
1.003877 34
1.004244 35
1.005432 32
1.005081 34
1.004474 34
1.005432 33
1.004529 35
1.004529 33
1.005106 33
1.004694 34
1.004732 34
1.004668 33
1.004563 34
1.004700 34
1.005954 34
1.004391 33
1.004716 36
1.004751 34
1.005522 33
1.004732 34
1.005042 34
1.004267 33
1.004619 34
1.004465 34
1.005407 33
1.004524 34
1.004340 35
1.004503 32
1.005317 34
1.003998 34
1.005898 33
1.004386 35
1.004877 33
1.004481 33
1.005472 34
1.004144 34
1.004158 34
1.004388 34
1.005029 34
1.005103 33
1.004537 34
1.005481 34
1.005117 33
1.005055 34
1.004944 34
1.004146 33
1.004983 38
1.004577 42
1.005136 34
1.005432 33
1.005356 34
1.005099 34
1.004543 33
1.005357 34
1.006233 34
1.004389 33
1.005338 35
1.004680 33
1.004383 33
1.004354 34
1.004957 35
1.005075 32
1.004594 34
1.005023 34
1.004294 33
1.002630 34
1.003039 35
1.004262 33
1.005782 33
1.004200 34
1.004373 34
1.004475 33
1.004400 34
1.005109 34
1.005536 33
1.005351 35
1.004181 34
1.004616 33
1.004405 34
1.005016 34
1.004413 33
1.005784 34
1.004099 34
1.004603 33
1.004455 34
1.004342 34
1.005163 34
1.004687 34
1.004350 34
1.004975 33
1.004521 36
1.004567 34
1.005754 33
1.004426 34
1.004302 34
1.003805 33
1.004664 35
1.004618 33
1.005471 33
1.005869 34
1.005386 34
1.005424 33
1.005050 34
1.004468 34
1.003560 35
1.004410 32
1.009097 38
1.004920 43
1.004659 33
1.004196 34
1.004441 34
1.004243 33
1.004247 34
1.004571 34
1.004527 34
1.004529 33
1.005223 35
1.005406 33
1.004643 33
1.006050 35
1.005157 33
1.004220 33
1.004476 34
1.004294 34
1.005529 33
1.005306 34
1.005469 35
1.005748 32
1.003263 34
1.005034 34
1.003866 33
1.004555 34
1.005529 34
1.004826 33
1.006300 35
1.004527 34
1.005643 33
1.002946 34
1.004645 34
1.005790 33
1.005794 34
1.004276 34
1.004651 33
1.005133 34
1.004642 34
1.004798 34
1.004566 34
1.004680 34
1.003739 33
1.003218 35
1.004629 33
1.005302 33
1.004762 34
1.004233 34
1.005325 33
1.004439 35
1.004485 33
1.004524 34
1.006007 33
1.004609 34
1.004974 34
1.004394 33
1.004610 34
1.003162 35
1.004591 32
1.005296 19
0.000036 18
1.004868 42
1.005827 33
1.004167 34
1.005384 34
1.005092 33
1.005467 34
1.005699 34
1.004793 34
1.006060 33
1.005269 35
1.004556 33
1.004332 33
1.004398 35
1.004646 33
1.005554 33
1.004396 34
1.004594 34
1.004820 33
1.004649 34
1.004861 35
1.004489 32
1.004100 34
1.004742 34
1.004632 33
1.004511 34
1.004340 34
1.005920 33
1.004886 35
1.004576 33
1.004841 34
1.004558 34
1.004900 34
1.006513 33
1.005869 34
1.004544 34
1.004399 33
1.004539 34
1.005501 34
1.005178 33
1.006059 35
1.005375 33
1.004952 33
1.005967 35
1.004661 33
1.004544 33
1.006296 34
1.004632 34
1.002529 33
1.004706 34
1.004434 35
1.004548 33
1.004393 33
1.005038 34
1.004447 34
1.005578 33
1.004514 34
1.005008 35
1.005074 32
1.005582 34
1.004123 37
1.005523 41
1.004188 34
1.004380 34
1.004562 33
1.004133 34
1.005728 34
1.004234 33
1.004408 34
1.004525 34
1.004374 35
1.004243 32
1.004868 36
1.004435 34
1.004559 33
1.004549 34
1.005627 34
1.006830 33
1.004393 34
1.004893 34
1.005015 34
1.005730 34
1.004412 34
1.005415 33
1.005213 34
1.004444 34
1.004221 33
1.004343 35
1.005236 33
1.004879 33
1.005912 35
1.004521 33
1.004966 33
1.004744 34
1.005466 34
1.004911 33
1.004661 34
1.004824 34
1.004545 33
1.004585 34
1.002882 35
1.002810 32
1.003519 35
1.002515 33
1.004646 33
1.005888 34
1.004663 34
1.004348 33
1.004283 34
1.004716 34
1.005597 35
1.004242 32
1.004513 34
1.004556 34
1.004505 33
1.004752 34
1.005595 35
1.004081 32
1.004986 34
1.004437 34
1.005451 36
1.005329 42
1.004223 34
1.005340 33
1.004757 34
1.004683 34
1.004855 34
1.004385 33
1.005341 34
1.005214 34
1.004432 34
1.004789 35
1.004664 33
1.006142 33
1.004168 34
1.004626 34
1.004342 33
1.004593 34
1.005036 34
1.004170 33
1.004132 35
1.004666 33
1.004101 33
1.004914 34
1.004210 34
1.005112 33
1.004217 35
1.004843 33
1.004682 33
1.004187 34
1.004614 35
1.005202 32
1.004416 34
1.004408 34
1.003727 33
1.004481 34
1.004489 34
1.004225 33
1.005704 34
1.004433 34
1.004294 34
1.004245 35
1.004956 33
1.004464 33
1.007257 34
1.004291 34
1.004376 33
1.004353 34
1.005238 34
1.004131 34
1.004447 34
1.004541 34
1.004193 34
1.004299 33
1.004617 34
1.004653 35
1.004933 32
1.004510 34
1.006065 34
1.005622 36
1.004630 42
1.004862 34
1.004569 34
1.003623 33
1.005877 34
1.005098 34
1.005250 33
1.005477 34
1.002750 34
1.004910 8
0.000199 26
1.002973 35
1.002987 33
1.004300 33
1.005455 34
1.004514 34
1.003690 33
1.005267 34
1.004290 34
1.003122 33
1.004337 35
1.005234 33
1.004375 33
1.004512 34
1.004401 34
1.004314 33
1.004935 35
1.004856 33
1.003192 33
1.004766 34
1.004942 35
1.004519 32
1.004883 34
1.004514 34
1.005680 33
1.004596 34
1.004263 34
1.005881 33
1.005110 34
1.004348 34
1.005368 34
1.004689 36
1.002807 34
1.002817 34
1.004358 33
1.005592 34
1.004691 34
1.004878 33
1.004494 34
1.004721 34
1.006512 34
1.004516 34
1.004397 34
1.004891 33
1.002967 34
1.005323 35
1.004615 32
1.003816 34
1.002681 34
1.002634 33
1.004080 37
1.004716 42
1.004902 34
1.004622 33
1.004194 34
1.003615 34
1.004565 33
1.004919 34
1.004439 34
1.005145 33
1.004800 36
1.004768 34
1.005615 33
1.005527 34
1.004853 34
1.004672 16
0.000018 17
1.004435 34
1.004387 34
1.004982 33
1.004296 34
1.004128 35
1.004461 32
1.005120 34
1.005432 34
1.005534 33
1.004718 35
1.004123 33
1.005069 33
1.004290 34
1.004958 34
1.004760 34
1.004427 34
1.004042 34
1.004372 34
1.005470 33
1.004349 28
0.000039 6
1.005435 34
1.005916 33
1.005358 34
1.004753 35
1.005106 33
1.005198 34
1.004487 34
1.004593 33
1.005887 34
1.005936 34
1.004433 33
1.003699 34
1.002488 34
1.002735 33
1.002430 17
0.000009 18
1.002790 33
1.004869 33
1.004727 34
1.005211 35
1.005579 32
1.004410 34
1.004342 34
1.004049 33
1.004735 34
1.004840 37
1.004438 41
1.004210 34
1.004305 34
1.006203 34
1.004669 33
1.003045 34
1.004589 34
1.004178 33
1.005741 35
1.004167 34
1.004786 33
1.004845 34
1.006094 34
1.004702 33
1.004758 34
1.010845 34
1.004196 33
1.004184 34
1.004486 34
1.005097 34
1.004136 34
1.006241 34
1.004936 33
1.005630 35
1.005966 33
1.004241 33
1.004651 34
1.005544 34
1.002300 34
1.004303 34
1.004992 34
1.004255 34
1.004586 33
1.004646 34
1.005429 34
1.004880 33
1.005343 34
1.006119 35
1.004552 32
1.005453 35
1.004239 33
1.004967 33
1.005199 34
1.004583 34
1.005000 33
1.005945 34
1.004222 34
1.004419 33
1.004789 34
1.004746 35
1.005551 32
1.004308 34
1.004841 35
1.003533 32
1.004649 34
1.004487 34
1.004627 33
1.004927 34
1.005460 16
0.000051 18
1.005337 36
1.004737 42
1.004322 34
1.004434 34
1.004612 33
1.007196 34
1.004199 34
1.004710 33
1.004511 36
1.004560 34
1.004587 34
1.002279 34
1.004765 34
1.004630 33
1.005668 34
1.004148 34
1.005392 33
1.005010 34
1.004190 34
1.005432 33
1.003231 35
1.004891 33
1.004432 35
1.003150 32
1.002589 34
1.004449 34
1.003517 33
1.004168 34
1.005789 34
1.005621 34
1.004877 34
1.005252 34
1.005412 33
1.004606 34
1.004431 34
1.004496 33
1.002596 34
1.004308 35
1.005525 32
1.004594 35
1.004520 33
1.004637 33
1.004668 34
1.005508 34
1.004830 33
1.005522 34
1.005455 34
1.004665 33
1.004545 34
1.004424 35
1.004649 32
1.005135 34
1.005303 35
1.004281 32
1.004162 34
1.004416 34
1.004677 33
1.005704 34
1.004333 34
1.005084 36
1.005259 42
1.004693 34
1.004432 34
1.005082 33
1.004371 34
1.004774 34
1.004336 33
1.004816 35
1.004611 33
1.005625 34
1.004359 34
1.005085 34
1.005328 33
1.004112 34
1.004491 34
1.005264 33
1.004908 34
1.004274 34
1.004521 33
1.004541 35
1.005479 33
1.004479 35
1.004487 32
1.004194 34
1.005276 34
1.004333 33
1.004825 34
1.005204 34
1.004100 33
1.006031 35
1.004158 33
1.004013 33
1.002755 34
1.004656 34
1.007029 33
1.004282 34
1.007150 35
1.002714 32
1.004597 16
0.000038 18
1.004189 35
1.005795 32
1.004697 34
1.004499 34
1.004309 33
1.004431 34
1.004664 34
1.004509 33
1.005366 34
1.005407 34
1.005429 34
1.004094 34
1.004689 35
1.004428 32
1.004607 34
1.004233 34
1.005127 33
1.004380 34
1.004714 34
1.004772 33
1.003151 37
1.004722 42
1.004533 34
1.005724 33
1.004351 34
1.004410 34
1.004769 33
1.004575 35
1.003188 33
1.004826 33
1.005322 35
1.004611 33
1.005755 33
1.004358 34
1.004956 34
1.003912 33
1.005171 34
1.002690 34
1.002918 33
1.005539 34
1.004433 35
1.004613 34
1.004440 33
1.005186 34
1.002880 34
1.004528 33
1.004753 34
1.004852 34
1.004865 33
1.004582 34
1.004233 35
1.004952 32
1.005327 34
1.005518 34
1.003054 33
1.004768 34
1.004843 36
1.004322 33
1.004527 34
1.005613 34
1.004728 34
1.004400 34
1.004502 34
1.004469 33
1.005944 34
1.005236 34
1.004458 33
1.004337 34
1.004710 34
1.004366 33
1.003606 35
1.004405 34
1.004766 33
1.006347 34
1.004661 34
1.005119 33
1.004379 34
1.004494 34
1.004403 34
1.004369 33
1.004174 38
1.004052 43
1.005543 33
1.005439 34
1.004411 34
1.004571 33
1.004689 35
1.004477 33
1.003863 34
1.004992 33
1.004904 35
1.003365 33
1.005230 33
1.005342 34
1.003337 34
1.004440 33
1.003631 34
1.004130 34
1.004576 33
1.004422 34
1.005206 36
1.003962 33
1.003490 34
1.006691 34
1.004686 33
1.004908 34
1.004465 34
1.004900 33
1.004330 34
1.005020 34
1.004535 34
1.004849 34
1.004441 34
1.003633 33
1.004671 34
1.004487 35
1.005302 32
1.004588 34
1.004593 34
1.004603 33
1.004477 35
1.005358 33
1.004227 33
1.004143 34
1.004272 34
1.005656 33
1.005663 34
1.004313 34
1.004137 34
1.004677 33
1.004346 36
1.005864 34
1.004229 33
1.004383 34
1.004699 34
1.004374 33
1.004430 34
1.004985 34
1.004396 33
1.005749 34
1.004325 37
1.004658 41
1.004370 34
1.004333 34
1.005236 35
1.003979 32
1.004713 34
1.004396 34
1.004722 33
1.004754 35
1.005503 33
1.004409 33
1.004964 34
1.004512 34
1.004128 33
1.005337 34
1.004173 34
1.006186 33
1.005234 34
1.004752 36
1.004102 33
1.004416 34
1.003909 34
1.004582 33
1.004429 34
1.004337 34
1.004251 33
1.004016 34
1.004337 34
1.005444 34
1.004543 34
1.003681 34
1.004583 33
1.004504 34
1.004214 35
1.004434 33
1.004133 33
1.004636 34
1.002635 34
1.004336 34
1.005523 34
1.004828 34
1.004882 33
1.005143 16
0.010706 18
0.993873 34
1.004565 33
1.004562 34
1.005391 34
1.005270 33
1.005066 36
1.005368 34
1.002825 33
1.004648 34
1.002990 34
1.004616 33
1.004260 34
1.002473 34
1.005769 33
1.004639 34
1.005539 37
1.005184 41
1.004089 34
1.003213 34
1.004247 36
1.003930 33
1.006638 34
1.004270 34
1.003257 33
1.004966 34
1.002664 35
1.005070 32
1.002515 34
1.004641 34
1.004924 33
1.005707 34
1.004491 34
1.005562 33
1.004178 34
1.005929 35
1.004240 33
1.004708 34
1.004749 34
1.004858 33
1.004606 34
1.004232 34
1.005939 34
1.006013 33
1.004612 34
1.003846 34
1.003129 34
1.003578 34
1.002604 34
1.004205 16
0.000017 17
1.002896 35
1.003152 33
1.003701 33
1.003846 34
1.003642 34
1.004679 33
1.004092 35
1.004309 33
1.003776 33
1.004023 34
1.003943 34
1.003904 33
1.004049 34
1.003048 34
1.003566 33
1.005340 35
1.004639 34
1.004759 33
1.004521 34
1.004661 34
1.004784 33
1.006209 34
1.002589 16
0.000010 18
1.004956 33
1.004831 34
1.005023 34
1.005518 36
1.004538 42
1.004355 34
1.004893 35
1.004131 32
1.004557 34
1.004361 34
1.006333 33
1.005785 34
1.004610 34
1.002786 17
0.000094 17
1.004672 34
1.004642 34
1.004796 33
1.003359 34
1.003719 16
0.000281 18
1.004310 33
1.005017 34
1.002826 35
1.005806 33
1.004959 34
1.004626 34
1.004083 34
1.004580 33
1.005775 34
1.003779 34
1.004290 33
1.004443 16
0.000162 18
1.005561 34
1.005535 33
1.004622 35
1.004192 33
1.005405 33
1.004067 35
1.005131 33
1.005586 33
1.004499 34
1.005471 34
1.004675 33
1.004529 34
1.004651 35
1.004266 32
1.005587 34
1.004672 34
1.004456 33
1.005479 34
1.004321 34
1.004768 33
1.004617 35
1.005111 33
1.004849 34
1.004722 34
1.004372 34
1.006810 33
1.004808 34
1.004567 34
1.004754 33
1.005299 34
1.005404 34
1.004381 33
1.004619 37
1.002646 42
1.002991 16
0.000017 19
1.005197 32
1.005122 34
1.002700 34
1.005094 33
1.004729 34
1.004570 34
1.004355 33
1.004803 35
1.005579 33
1.005413 33
1.006397 34
1.004460 34
1.004757 33
1.004450 34
1.005251 35
1.005068 33
1.004618 33
1.004782 35
1.004357 33
1.004445 33
1.004507 34
1.002394 34
1.005005 33
1.002738 34
1.008655 34
1.003851 33
1.004428 34
1.004706 35
1.004496 32
1.005273 36
1.004561 34
1.004343 33
1.005184 34
1.005574 16
0.000039 18
1.004239 33
1.005118 34
1.004268 34
1.004475 34
1.004581 34
1.005533 34
1.005693 33
1.004130 34
1.004801 34
1.004190 33
1.004617 35
1.003998 27
0.000049 6
1.004293 34
1.005861 34
1.005139 34
1.004361 33
1.005569 34
1.005326 34
1.004514 33
1.004517 34
1.004771 34
1.006226 34
1.003804 36
1.004316 42
1.002952 35
1.004467 32
1.004649 34
1.004755 34
1.004628 33
1.003138 34
1.004519 34
1.004382 33
1.004596 35
1.004379 33
1.005301 33
1.004316 34
1.004169 34
1.004728 34
1.004472 33
1.005896 35
1.005144 33
1.004608 33
1.005667 35
1.004440 33
1.004714 33
1.005049 34
1.002480 34
1.003050 33
1.003125 34
1.003542 16
0.000009 18
1.005035 33
1.003475 34
1.002525 35
1.005295 32
1.004537 35
1.004738 33
1.004513 33
1.004523 34
1.005142 34
1.004699 33
1.004397 34
1.004534 34
1.005812 34
1.005214 34
1.005231 34
1.004545 33
1.004285 34
1.005166 34
1.004474 33
1.004568 35
1.005555 33
1.004305 33
1.004563 35
1.005476 33
1.004682 33
1.004681 34
1.004658 34
1.004443 33
1.004711 34
1.003106 34
1.004245 33
1.004437 34
1.005256 37
1.005153 43
1.004818 33
1.005028 34
1.004784 34
1.005349 33
1.004578 34
1.004499 34
1.004557 33
1.005250 34
1.004850 35
1.004953 33
1.004453 33
1.003733 34
1.004871 34
1.005014 33
1.004641 35
1.004718 33
1.004547 33
1.005402 34
1.003132 35
1.004707 32
1.004578 34
1.005586 34
1.006473 33
1.004503 34
1.004999 34
1.003227 33
1.004524 34
1.004647 34
1.004902 34
1.005981 35
1.002647 33
1.004622 33
1.004610 34
1.005107 34
1.004517 33
1.003657 34
1.005603 34
1.004219 33
1.005847 35
1.004495 33
1.004224 33
1.004337 34
1.005056 34
1.004818 33
1.004203 35
1.004660 33
1.005982 33
1.005165 34
1.004535 35
1.005939 32
1.005653 34
1.004660 34
1.004988 33
1.004483 34
1.005032 34
1.004399 33
1.005505 34
1.004670 16
0.000135 18
1.004551 80
1.004847 41
1.006180 34
1.004442 34
1.004141 33
1.004446 34
1.004935 34
1.006064 33
1.004466 34
1.004249 34
1.005053 34
1.004497 34
1.005608 34
1.006050 33
1.004515 35
1.004543 33
1.004487 33
1.005174 34
1.004468 34
1.004558 33
1.004576 35
1.004867 33
1.005507 33
1.004748 34
1.005541 34
1.006045 33
1.005892 34
1.004425 34
1.005122 33
1.004915 35
1.004423 34
1.005861 34
1.004945 33
1.005507 34
1.004753 34
1.004984 33
1.005307 34
1.006188 34
1.004769 33
1.004568 34
1.005823 35
1.004170 32
1.004933 34
1.005336 35
1.004348 32
1.005651 34
1.005906 34
1.004483 33
1.007220 34
1.004548 34
1.004670 34
1.004168 34
1.005816 34
1.004549 33
1.004228 34
1.004847 34
1.004259 33
1.004453 34
1.004397 35
1.004487 32
1.004288 37
1.004416 42
1.004527 34
1.004314 33
1.006089 34
1.005761 34
1.004846 33
1.004280 34
1.004736 34
1.004136 33
1.004302 35
1.005630 33
1.004691 33
1.004885 35
1.004611 33
1.004514 33
1.003743 34
1.004437 34
1.004241 33
1.005554 35
1.004510 33
1.005301 33
1.005441 34
1.004387 34
1.005102 33
1.004409 34
1.005541 34
1.004821 33
1.005839 35
1.004327 34
1.005653 34
1.004608 33
1.005648 34
1.005109 34
1.005507 33
1.005237 34
1.004708 34
1.004776 8
0.000188 25
1.004420 34
1.004710 35
1.005457 32
1.005060 34
1.004802 35
1.005069 32
1.004352 34
1.003920 34
1.004918 33
1.004371 34
1.004261 34
1.005371 34
1.003390 16
0.000010 18
1.004343 34
1.005708 33
1.002433 34
1.002621 34
1.004466 33
1.004491 34
1.004438 35
1.004788 32
1.003846 37
1.005621 42
1.005130 34
1.004475 33
1.004446 34
1.005225 34
1.004595 33
1.004102 34
1.005405 34
1.004445 33
1.004631 35
1.004187 33
1.004574 33
1.004439 35
1.004571 33
1.004233 33
1.004656 34
1.006744 34
1.004610 33
1.005038 34
1.005589 35
1.004634 32
1.004221 34
1.004075 34
1.004309 33
1.004932 34
1.005074 34
1.004399 33
1.004550 36
1.005087 34
1.004587 35
1.003453 32
1.003631 34
1.004488 34
1.004112 33
1.004049 34
1.004624 16
0.000078 18
1.002748 33
1.004797 34
1.006114 34
1.005556 34
1.004634 34
1.004253 35
1.006429 32
1.005010 34
1.004235 34
1.004463 33
1.004615 34
1.004732 34
1.005290 33
1.004453 35
1.003879 33
1.004195 33
1.005341 34
1.005698 34
1.005647 33
1.005743 34
1.005017 35
1.005580 32
1.004607 34
1.005002 38
1.005095 43
1.003859 33
1.004453 34
1.005208 34
1.003579 33
1.002969 34
1.004270 34
1.004853 33
1.004523 34
1.004229 35
1.004460 32
1.004936 35
1.005316 33
1.003843 33
1.004459 34
1.004584 34
1.002743 33
1.005406 34
1.004594 34
1.004590 34
1.004366 34
1.003593 34
1.005016 34
1.005566 33
1.005626 34
1.004222 35
1.005617 32
1.004740 34
1.004468 34
1.005506 34
1.004683 34
1.004796 34
1.004783 33
1.004150 34
1.005193 34
1.005006 33
1.004817 34
1.004540 34
1.004461 33
1.002889 35
1.005198 34
1.004398 33
1.004876 34
1.004598 34
1.003230 33
1.003582 34
1.002594 34
1.002844 33
1.002604 34
1.004215 35
1.003577 32
1.003010 34
1.003418 34
1.003488 33
1.002843 34
1.005111 35
1.005433 32
1.005287 34
1.004617 34
1.004518 36
1.003466 42
1.004411 34
1.004967 34
1.005869 33
1.004774 34
1.004370 34
1.005301 33
1.005536 34
1.005039 34
1.004854 17
0.000038 17
1.004558 35
1.005005 33
1.004253 33
1.004605 34
1.004453 34
1.004730 34
1.004435 33
1.005184 34
1.005452 34
1.005240 34
1.004742 34
1.004430 34
1.005088 33
1.004748 34
1.003512 35
1.005600 32
1.004419 34
1.004639 34
1.004671 33
1.004252 35
1.004525 33
1.004346 33
1.004635 34
1.004527 34
1.004330 33
1.004189 34
1.004409 8
0.000021 26
1.004624 33
1.004553 34
1.004689 36
1.004454 33
1.004299 34
1.003149 34
1.005396 33
1.010100 34
1.003251 34
1.002613 33
1.004544 34
1.004304 34
1.004731 34
1.004508 34
1.005473 34
1.005075 34
1.004515 33
1.004958 36
1.004555 34
1.004575 33
1.004821 34
1.006240 37
1.005231 41
1.005110 34
1.004387 34
1.004661 34
1.004756 33
1.005365 34
1.005192 34
1.005385 33
1.004517 34
1.003391 36
1.004585 33
1.004883 34
1.005177 34
1.002198 33
1.002655 34
1.002512 34
1.002660 33
1.003533 34
1.003907 34
1.003932 34
1.004772 34
1.004220 34
1.003578 33
1.003274 34
1.003699 35
1.002747 32
1.003745 34
1.004634 34
1.002875 33
1.003382 35
1.002800 33
1.003140 33
1.004081 34
1.002762 34
1.005092 33
1.003897 34
1.003238 34
1.004922 33
1.002858 34
1.002674 36
1.004404 34
1.003330 33
1.004133 34
1.004350 34
1.006061 33
1.003064 34
1.004955 34
1.005973 33
1.004248 34
1.004870 35
1.002911 32
1.003207 34
1.002474 34
1.003322 33
1.003885 35
1.004776 33
1.002598 33
1.004092 34
1.004653 34
1.002911 36
1.003890 42
1.005190 34
1.003881 34
1.003413 33
1.004530 34
1.004937 34
1.005625 33
1.003747 34
1.002995 16
0.000018 19
1.004044 33
1.003523 34
1.002922 34
1.002873 33
1.002623 34
1.003658 34
1.003762 33
1.004552 34
1.003061 34
1.002678 33
1.002796 35
1.002990 33
1.002858 33
1.004500 34
1.002971 35
1.002775 32
1.004177 34
1.003558 34
1.004336 33
1.004572 34
1.003051 35
1.003439 32
1.004977 34
1.003293 34
1.004865 33
1.004539 34
1.005695 34
1.002729 33
1.003195 16
0.000009 18
1.003755 35
1.003019 34
1.003475 33
1.004672 34
1.004446 34
1.004613 33
1.015516 34
0.996587 34
1.004629 33
1.003887 34
1.004832 34
1.004914 34
1.004528 34
1.007197 34
1.004282 33
1.007257 35
1.005444 33
1.004561 33
1.005833 34
1.004984 34
1.097894 33
1.005166 37
1.004985 42
1.006163 34
1.004286 33
1.004384 34
1.006218 34
1.005867 33
1.004675 34
1.004367 35
1.004670 32
1.006346 35
1.005811 33
1.004429 33
1.004997 34
1.005407 34
1.005642 33
1.004617 34
1.004472 34
1.005091 33
1.005149 34
1.003544 35
1.004590 32
1.005068 34
1.004880 36
1.004862 33
1.005847 34
1.004822 34
1.004568 33
1.004640 34
1.002703 34
1.004368 34
1.003162 34
1.006015 34
1.004368 34
1.004962 33
1.004840 34
1.002664 34
1.004644 33
1.005391 35
1.004340 33
1.003604 34
1.004171 34
1.005273 34
1.003532 33
1.002588 34
1.004742 34
1.003749 33
1.004784 34
1.004614 34
1.004438 33
1.005082 35
1.003030 33
1.004710 33
1.005518 35
1.005998 33
1.003487 33
1.005556 34
1.006105 34
1.002838 33
1.003649 34
1.004910 37
1.006448 41
1.002894 34
1.042826 34
1.005607 34
1.004652 33
1.004963 34
1.004432 35
1.004678 32
1.004585 34
1.003158 17
0.000009 18
1.004995 32
1.005204 34
1.004786 34
1.005962 33
1.007594 34
1.003105 34
1.004710 33
1.004522 34
1.003379 35
1.003571 16
0.000009 16
1.004911 34
1.003914 35
1.004481 32
1.004501 34
1.004937 34
1.004715 33
1.005869 34
1.004600 34
1.009242 34
1.004378 34
1.004911 34
1.004494 34
1.003380 16
0.000009 17
1.004702 34
1.004755 34
1.002849 33
1.002760 35
1.004745 33
1.004530 34
1.004870 34
1.005548 34
1.005702 33
1.002688 16
0.000009 18
1.003175 34
1.004580 27
0.000038 6
1.005324 34
1.004435 34
1.004647 33
1.003784 35
1.004699 33
1.005106 33
1.005965 35
.009255 34
1.004389 34
1.014552 34
0.994849 34
1.003363 33
1.004729 34
1.004758 34
1.002790 33
1.002786 35
1.004886 33
1.004401 34
1.004963 34
1.005583 34
1.005917 33
1.002353 34
1.003143 34
1.004651 33
1.005339 34
1.004540 34
1.004587 33
1.003788 35
1.004655 33
1.005142 33
1.007313 35
